r1_1=[8,1,3,5,6,8,1,1];